'video41 : 3.4651162790697674'
'video44 : 3.391304347826087'
'video31 : 3.3518518518518516'
'video38 : 3.32'
'video46 : 3.263779527559055'
'video50 : 3.1810344827586206'
'video40 : 3.1'
'video37 : 3.0963855421686746'
'video36 : 3.045112781954887'
'video39 : 3.0428571428571427'
'video33 : 3.008968609865471'
'video48 : 3.0'
'video42 : 2.9797979797979797'
'video34 : 2.831168831168831'
'video35 : 2.7567567567567566'
'video45 : 2.7547169811320753'
'video43 : 2.5443037974683542'
'video47 : 2.3626373626373627'
'video49 : 2.3434343434343434'
'video32 : 2.311688311688312'
